0105549018496
0105549017198
0105549016469
0105549015462
0105549013583
0105549008784
0105549008580
0105549007320
0105549003421
0105548164987
0105548164260
0105548162640
0105548162224
0105548160914
0105548160311
0105548160132
0105548159631
0105548158995
0105548156453
0105548155694
0105548154329
0105548152822
0105548151346
0105548149619
0105548149147
0105548147349
0105548141090
0105548138447
0105548138161
0105548137891
0105548136436
0105548136142
0105548135812
0105548135731
0105548135260
0105548134948
0105548133038
0105548130080
0105548129723
0105548126881
0105548126503
0105548122869
0105548121960
0105548119906
0105548118497
0105548116419
0105548116184
0105548110909
0105548110682
0105548110305
0105548107762
0105548107461
0105548107096
0105548105573
0105548105051
0105548098623
0105548095993
0105548092846
0105548091289
0105548086391
0105548084347
0105548080589
0105548079807
0105548079335
0105548077871
0105548077677
0105548076913
0105548076727
0105548073507
0105548073302
0105548070346
0105548069429
0105548068554
0105548068333
0105548064516
0105548063234
0105548062998
0105548062459
0105548062211
0105548055584
0105548054324
0105548053255
0105548047271
0105548040285
0105548036971
0105548034528
0105548033530
0105548030646
0105548027971
0105548027343
0105548026894
0105548026517
0105548020250
0105548018069
0105548016538
0105548016481
0105548012460
0105548012401
0105548009876
0105548007971
0105548004947
0105548002812
0105548002006
0105548001441
0105548000895
0105548000763
0105547162484
0105547162239
0105547159505
0105547158304
0105547154899
0105547150231
0105547146942
0105547144303
0105547143650
0105547140642
0105547140162
0105547137668
0105547136874
0105547136611
0105547136157
0105547135312
0105547129550
0105547128600
0105547125759
0105547124540
0105547123420
0105547121516
0105547119074
0105547118892
0105547115991
0105547115222
0105547111898
0105547110719
0105547105529
0105547102015
0105547099391
0105547097241
0105547095884
0105547093652
0105547093211
0105547086753
0105547085374
0105547085331
0105547084491
0105547083924
0105547083703
0105547080011
0105547078211
0105547077835
0105547076031
0105547074712
0105547072213
0105547071861
0105547068666
0105547065721
0105547064121
0105547061611
0105547061173
0105547060771
0105547056307
0105547054975
0105547054690
0105547054223
0105547054177
0105547053162
0105547052646
0105547052026
0105547051551
0105547048941
0105547047693
0105547045933
0105547045755
0105547043558
0105547043329
0105547043248
0105547043086
0105547041440
0105547039682
0105547037515
0105547037124
0105547036772
0105547031681
0105547030499
0105547029156
0105547027170
0105547025924
0105547025541
0105547025312
0105547025215
0105547024260
0105547019860
0105547019436
0105547013845
0105547012130
0105547012075
0105547009881
0105547008809
0105547008124
0105547006580
0105547005061
0105547004765
0105547003769
0105547002240
0105547002096
0105547000361
0105547000123
0105546154267
0105546146957
0105546145898
0105546145268
0105546145209
0105546141785
0105546141645
0105546141467
0105546141441
0105546140134
0105546138938
0105546138113
0105546135262
0105546131739
0105546131364
0105546129572
0105546129301
0105546125852
0105546125585
0105546125208
0105546123159
0105546122047
0105546120516
0105546119712
0105546118830
0105546118694
0105546115954
0105546115911
0105546111541
0105546110880
0105546107340
0105546105207
0105546101627
0105546100612
0105546095848
0105546095724
0105546094825
0105546091966
0105546090501
0105546089660
0105546089465
0105546088396
0105546087845
0105546085851
0105546084986
0105546079656
0105546078005
0105546077432
0105546077190
0105546076762
0105546076509
0105546076282
0105546075766
0105546073054
0105546070870
0105546069367
0105546067828
0105546067721
0105546065523
0105546063911
0105546061811
0105546059043
0105546058659
0105546054823
0105546053584
0105546041501
0105546041403
0105546041110
0105546032331
0105546028377
0105546027672
0105546026072
0105546025173
0105546025009
0105546024975
0105546024614
0105546024461
0105546024444
0105546024410
0105546021542
0105546020848
0105546017791
0105546016611
0105546016182
0105546010389
0105546009810
0105546008813
0105546007698
0105546005687
0105546004656
0105546004192
0105546004001
0105546002343
0105546001355
0105546001061
0105545133991
0105545133835
0105545132138
0105545131107
0105545130101
0105545129773
0105545128246
0105545127495
0105545124666
0105545123686
0105545123317
0105545121861
0105545121136
0105545119301
0105545118879
0105545116400
0105545109764
0105545108202
0105545106013
0105545104274
0105545099858
0105545098177
0105545094406
0105545093281
0105545093221
0105545092349
0105545092187
0105545091911
0105545091776
0105545091644
0105545091156
0105545084214
0105545084010
0105545080375
0105545079661
0105545078711
0105545078559
0105545078486
0105545077811
0105545077226
0105545073468
0105545072992
0105545069061
0105545068651
0105545066569
0105545066178
0105545066135
0105545064779
0105545064001
0105545063250
0105545060731
0105545059481
0105545059465
0105545058892
0105545055141
0105545054226
0105545053335
0105545051090
0105545049001
0105545048951
0105545047378
0105545046801
0105545046011
0105545040578
0105545040390
0105545031005
0105545030751
0105545030041
0105545029191
0105545027881
0105545023801
0105545021735
0105545017738
0105545016951
0105545013228
0105545011004
0105545010431
0105545005233
0105545005209
0105545002391
0105545002072
0105545000428
0105545000193
0105544114772
0105544114373
0105544111455
0105544110688
0105544110033
0105544109736
0105544108489
0105544106524
0105544101697
0105544100682
0105544099633
0105544098408
0105544097959
0105544096472
0105544094020
0105544092582
0105544092353
0105544091233
0105544091021
0105544090873
0105544086078
0105544084890
0105544082757
0105544082544
0105544082285
0105544080479
0105544079497
0105544079420
0105544078423
0105544078385
0105544076943
0105544075432
0105544070724
0105544069033
0105544064279
0105544063744
0105544063442
0105544063388
0105544061911
0105544060974
0105544060231
0105544052815
0105544051703
0105544051258
0105544047153
0105544046751
0105544046149
0105544046084
0105544045177
0105544043522
0105544043263
0105544042887
0105544041953
0105544039258
0105544036887
0105544031672
0105544031664
0105544030455
0105544028663
0105544028035
0105544027578
0105544023044
0105544022339
0105544019044
0105544013186
0105544012520
0105544012317
0105544007968
0105544005850
0105544003415
0105544000726
0105543115627
0105543111885
0105543111842
0105543111290
0105543106211
0105543104382
0105543101146
0105543100808
0105543095804
0105543090004
0105543089715
0105543089073
0105543087321
0105543087138
0105543074939
0105543073398
0105543072511
0105543071751
0105543071085
0105543070089
0105543066537
0105543065824
0105543061705
0105543061624
0105543059913
0105543059794
0105543059557
0105543056833
0105543051904
0105543048431
0105543046471
0105543046269
0105543046170
0105543045645
0105543045637
0105543045513
0105543044631
0105543041127
0105543036018
0105543032233
0105543029593
0105543026047
0105543022904
0105543022653
0105543020251
0105543019652
0105543019202
0105543016611
0105543014464
0105543012984
0105543012895
0105543012763
0105543012283
0105543009452
0105543009142
0105543007824
0105543005741
0105543005686
0105543005350
0105543005058
0105543002831
0105543001800
0105543001508
0105542098826
0105542098796
0105542096611
0105542096092
0105542095801
0105542094898
0105542094677
0105542091996
0105542091295
0105542087204
0105542082440
0105542078493
0105542078043
0105542077063
0105542074951
0105542070921
0105542063381
0105542057933
0105542056872
0105542055931
0105542053202
0105542052451
0105542050891
0105542049604
0105542048284
0105542046281
0105542044491
0105542042511
0105542037762
0105542032612
0105542028585
0105542027953
0105542027023
0105542026906
0105542022005
0105542020193
0105542018709
0105542017851
0105542016501
0105542016323
0105542014657
0105542011445
0105542009289
0105542005186
0105542005101
0105542001229
0105542000371
0105541079674
0105541078929
0105541071436
0105541070324
0105541067846
0105541066891
0105541065151
0105541064901
0105541064847
0105541061554
0105541056682
0105541055686
0105541054418
0105541051567
0105541049821
0105541042436
0105541042380
0105541042321
0105541041740
0105541031825
0105541030845
0105541029987
0105541025434
0105541014815
0105541013827
0105541012197
0105541011549
0105541011107
0105541008190
0105541003422
0105540103369
0105540102184
0105540096541
0105540092693
0105540092324
0105540091182
0105540091085
0105540086332
0105540085077
0105540084143
0105540075039
0105540067311
0105540066480
0105540066099
0105540053604
0105540052578
0105540050478
0105540050125
0105540047485
0105540043790
0105540041410
0105540040111
0105540036777
0105540032909
0105540031911
0105540028481
0105540023756
0105540023624
0105540020234
0105540019180
0105540013327
0105540012517
0105540008960
0105540005855
0105540005081
0105540003810
0105540000420
0105539137395
0105539135104
0105539132229
0105539130111
0105539125079
0105539122037
0105539114662
0105539113623
0105539110055
0105539105434
0105539105400
0105539104152
0105539104071
0105539103148
0105539100408
0105539094408
0105539079239
0105539079034
0105539078399
0105539077309
0105539077295
0105539077031
0105539076078
0105539075675
0105539073133
0105539073028
0105539071157
0105539067885
0105539065726
0105539058975
0105539056689
0105539056468
0105539044494
0105539043676
0105539034413
0105539029622
0105539020951
0105539014641
0105539012924
0105539012258
0105539007831
0105539003267
0105539000195
0105538140759
0105538139432
0105538134708
0105538132861
0105538131521
0105538131016
0105538125733
0105538123684
0105538120219
0105538117692
0105538116262
0105538114588
0105538113468
0105538107781
0105538102954
0105538100765
0105538096211
0105538090689
0105538090123
0105538089737
0105538089052
0105538088595
0105538085561
0105538085511
0105538082708
0105538073156
0105538072699
0105538071455
0105538069876
0105538069540
0105538067938
0105538067768
0105538065731
0105538051080
0105538045853
0105538043826
0105538042081
0105538038091
0105538036935
0105538035602
0105538029726
0105538024121
0105538022853
0105538021741
0105538020869
0105538015741
0105538005754
0105538002194
0105537149523
0105537140283
0105537138084
0105537129808
0105537106671
0105537105011
0105537093773
0105537093242
0105537091975
0105537084057
0105537080744
0105537078651
0105537076917
0105537075431
0105537075031
0105537069961
0105537069414
0105537064919
0105537060310
0105537055626
0105537052767
0105537051728
0105537051086
0105537042044
0105537035731
0105537033771
0105537028611
0105537017279
0105537011751
0105537001780
0105536141201
0105536129731
0105536127241
0105536125531
0105536124926
0105536123351
0105536120891
0105536111808
0105536108548
0105536103864
0105536094318
0105536093842
0105536093079
0105536091599
0105536089152
0105536088491
0105536087371
0105536087001
0105536082824
0105536079084
0105536076450
0105536072233
0105536064133
0105536057218
0105536055231
0105536054961
0105536050531
0105536049207
0105536045074
0105536034579
0105536034251
0105536031120
0105536027432
0105536025014
0105536019669
0105536011706
0105536011391
0105536004611
0105536003878
0105536003568
0105536003037
0105536000828
0105535162816
0105535156093
0105535153302
0105535150397
0105535149259
0105535141461
0105535136297
0105535134278
0105535131449
0105535129894
0105535121371
0105535110603
0105535110310
0105535108129
0105535094225
0105535094136
0105535093024
0105535086664
0105535086095
0105535084742
0105535077959
0105535070083
0105535068551
0105535067830
0105535065896
0105535063940
0105535062463
0105535061122
0105535059152
0105535056137
0105535055246
0105535054983
0105535045593
0105535038155
0105535031011
0105535024308
0105535019282
0105535017557
0105535015279
0105535015074
0105535014094
0105535013063
0105535012059
0105535007896
0105535006318
0105535005737
0105535005397
0105535005125
0105535004820
0105535002673
0105535002339
0105535002142
0105535000506
0105535000336
0105534124376
0105534123698
0105534120575
0105534119666
0105534118104
0105534115407
0105534113064
0105534111321
0105534106165
0105534106050
0105534105169
0105534100574
0105534098138
0105534097441
0105534091397
0105534090609
0105534090561
0105534090307
0105534084854
0105534081715
0105534079613
0105534077084
0105534076355
0105534070063
0105534069995
0105534067186
0105534066414
0105534064977
0105534062800
0105534062354
0105534060408
0105534059264
0105534053142
0105534045328
0105534024916
0105534017502
0105534017391
0105534017227
0105534015658
0105534013256
0105534011601
0105534006560
0105534000386
0105533138489
0105533136818
0105533136389
0105533133410
0105533129641
0105533129145
0105533095721
0105533091369
0105533083251
0105533081657
0105533075444
0105533075363
0105533073638
0105533066712
0105533063284
0105533058132
0105533054366
0105533050867
0105533043828
0105533043372
0105533039472
0105533036287
0105533033270
0105533031976
0105533031137
0105533031102
0105533024645
0105533020615
0105533020089
0105533017631
0105533013813
0105533009549
0105533007481
0105533003389
0105533002218
0105532110025
0105532108993
0105532101131
0105532099641
0105532099536
0105532096120
0105532096111
0105532092931
0105532091110
0105532083745
0105532080835
0105532079560
0105532077770
0105532075301
0105532070678
0105532064112
0105532060630
0105532057698
0105532056331
0105532047200
0105532039851
0105532036551
0105532033519
0105532030129
0105532024919
0105532014336
0105532011230
0105532010519
0105532008174
0105532003946
0105532001072
0105532000939
0105531097611
0105531093283
0105531084985
0105531081561
0105531080611
0105531073223
0105531072669
0105531072413
0105531067321
0105531063791
0105531052846
0105531051742
0105531049268
0105531048466
0105531046013
0105531044959
0105531043103
0105531037731
0105531032276
0105531031351
0105531030761
0105531030231
0105531028724
0105531027264
0105531026411
0105531025717
0105531023323
0105531020731
0105531011945
0105531008103
0105531007441
0105531005031
0105531002547
0105530067980
0105530066002
0105530061663
0105530060721
0105530058701
0105530058476
0105530044904
0105530042928
0105530041221
0105530033848
0105530033562
0105530029174
0105530027279
0105530025608
0105530020304
0105530017656
0105530017508
0105530015611
0105530012891
0105530010431
0105530006131
0105530004261
0105530000828
0105529043461
0105529039757
0105529037789
0105529032248
0105529031829
0105529031306
0105529025543
0105529022102
0105529020631
0105529018636
0105529003230
0105528043769
0105528042487
0105528039591
0105528038323
0105528038081
0105528037548
0105528037173
0105528037076
0105528036029
0105528035049
0105528030799
0105528021714
0105528008092
0105528004593
0105527035584
0105527033816
0105527026283
0105527022776
0105527015460
0105527012258
0105527007955
0105526049875
0105526044261
0105526043761
0105526039390
0105526038385
0105526031615
0105526029921
0105526025402
0105526024406
0105526024376
0105526021059
0105526015598
0105526012874
0105526010391
0105526004138
0105526002798
0105526001821
0105525041838
0105525040092
0105525039795
0105525036699
0105525032235
0105525025662
0105525024704
0105525021888
0105525021713
0105525015217
0105525011157
0105525008717
0105525008687
0105525002522
0105524031464
0105524023542
0105524023283
0105524023119
0105524016481
0105524003398
0105524001662
0105523016577
0105523000794
0105523000018
0105522022620
0105522020635
0105522017171
0105522009755
0105522000839
0105522000669
0105521022251
0105521021336
0105521016022
0105521015263
0105521013899
0105521010296
0105521004776
0105521004695
0105521003133
0105521001505
0105520017840
0105520012376
0105520004942
0105520001994
0105520000751
0105519014816
0105519014085
0105519012015
0105519011337
0105518008863
0105518005058
0105518003985
0105516001888
0105516001471
0105516000237
0105515006088
0105515002457
0105515000969
0105514001571
0105513005645
0105513002263
0105513000040
0105512000291
0105511004650
0105511003301
0105511003068
0105510000626
0105509002238
0105509001169
0105507002745
0105507002605
0105507001676
0105506001516
0105506000862
0105505000486
0105502000922
0105502000540
0105500000526
0105499000360
0105493000139
0105492000097
0105491000301
0105485000257
0104562164076
0104560143861
0104560102928
0103566006504
0103565016042
0103565010273
0103565004397
0103564015981
0103563015111
0103563014476
0103563009707
0103563004021
0103562017897
0103562010167
0103562008618
0103561004864
0103560015650
0103560009617
0103559018080
0103559015099
0103559009323
0103559008891
0103559004267
0103558022776
0103558019546
0103558017110
0103558013530
0103558013076
0103558012665
0103558012053
0103558009052
0103558004441
0103558004328
0103558002279
0103558000446
0103557026913
0103557020834
0103557020281
0103557017779
0103557016047
0103557010936
0103557008770
0103556065974
0103556046732
0103556002611
0103555025243
0103555022660
0103555010742
0103555008195
0103555005901
0103555000763
0103554072124
0103554065012
0103554056714
0103554034061
0103554007390
0103554006539
0103554004471
0103553046511
0103553026846
0103553023243
0103553019912
0103553010419
0103553007256
0103553004508
0103553002050
0103552030416
0103552030289
0103552010652
0103551024781
0103551020743
0103551011574
0103551007097
0103551004705
0103550017595
0103550012321
0103550009134
0103549037073
0103549035054
0103549030494
0103549014111
0103549008511
0103549003721
0103549003659
0103548039099
0103548018164
0103548014924
0103548012379
0103548009068
0103548008070
0103548001733
0103548000494
0103547038200
0103547025302
0103547025213
0103546035266
0103546028049
0103546018094
0103546017187
0103546013645
0103546003151
0103545027120
0103545025631
0103545023817
0103545010855
0103544025611
0103544022965
0103544012056
0103544009471
0103544001704
0103544001666
0103543034366
0103543030697
0103543028986
0103543025294
0103543021906
0103543020322
0103543016465
0103543003649
0103542028613
0103542024880
0103542018367
0103542013381
0103541016271
0103541011806
0103541009933
0103541002033
0103540028713
0103540019595
0103540005314
0103539027776
0103539021743
0103539019587
0103539010954
0103539010415
0103538020387
0103537036654
0103537027795
0103537007549
0103536044301
0103536034607
0103536028399
0103536018938
0103535053357
0103535035677
0103535032511
0103534013254
0103533001180
0103533000701
0103531016988
0103531002154
0103530026114
0103530015058
0103530002444
0103529012954
0103529000352
0103528028121
0103528022832
0103528003811
0103527031927
0103527026052
0103526017653
0103526015201
0103525034601
0103525033302
0103525007506
0103524022005
0103524014606
0103524002829
0103522020072
0103522000837
0103521020630
0103521003794
0103520022396
0103520004801
0103519007206
0103518009043
0103517008795
0103516016832
0103514008778
0103509007041
0103509006002
0103505002843
0102547000121
0102526000326
0101580070131
0101400558593
0295559034655
0275567000748
0275564000666
0275564000054
0275563000921
0275563000646
0275561000631
0275559000238
0275558000617
0275557000826
0275554000221
0275548000100
0273563000407
0273561000884
0273560000236
0273552000630
0273550000667
0273548000159
0273542000157
0265563000174
0265561000240
0265561000207
0265561000100
0265560001064
0265560001021
0265560000327
0265560000017
0265558000536
0265558000323
0265558000021
0265556000083
0265552000062
0265549000146
0265541000066
0265539000097
0265536000011
0263559000163
0263557000221
0263554000076
0263540000371
0263535000163
0255566002470
0255561001319
0255560000190
0255559001048
0255556001209
0255556000610
0255555000951
0255555000071
0255554000515
0255552000461
0255550000049
0255547000653
0255545000028
0255541000112
0255537000260
0255536000037
0253564000656
0253561000965
0253561000221
0253559000406
0253558000721
0253557000174
0253551000423
0253550000101
0253542000441
0253535000775
0245564002634
0245563003025
0245563001847
0245562003684
0245562003544
0245562001207
0245561004041
0245561003133
0245561000673
0245561000363
0245561000134
0245560003016
0245560001331
0245560000939
0245559002940
0245559002052
0245559001692
0245558002890
0245558002008
0245558001524
0245558001249
0245558000064
0245557001768
0245557001121
0245557001008
0245556002418
0245556001021
0245555002287
0245555000608
0245554001040
0245554000345
0245553001437
0245553001143
0245553000716
0245552001085
0245549000138
0245548000011
0245545000869
0245545000141
0245543000501
0245543000357
0245541000392
0245541000082
0245540000402
0245540000267
0245536000576
0245536000380
0245535000441
0245534000722
0245528000023
0243558000429
0243557001197
0243554000947
0243553001249
0243552000711
0243548000400
0243545000255
0243539000737
0243538000679
0243537000144
0243531000029
0235567000047
0235565000627
0235561000908
0235560000840
0235560000751
0235560000726
0235560000556
0235560000483
0235560000467
0235560000459
0235560000246
0235559000599
0235559000483
0235559000319
0235559000238
0235557000362
0235557000117
0235557000061
0235556000539
0235556000296
0235556000229
0235556000067
0235555000195
0235552000216
0235549000391
0235548000291
0235546000218
0235543000063
0235540000046
0233559000376
0233559000317
0233555000363
0233553000404
0233551000385
0233548000159
0233546000071
0233545000085
0225565000821
0225564039210
0225563001707
0225562001011
0225562000952
0225560001234
0225560000203
0225559000459
0225558001001
0225558000480
0225557000745
0225556000938
0225556000181
0225553000198
0225552000046
0225550000294
0225549000511
0225548000347
0225546000129
0225544000326
0225543000314
0225542000337
0225535000220
0225532000113
0223565000757
0223559000571
0223557000158
0223551000440
0223549000161
0223547000848
0223543000258
0223537000471
0223535000911
0223535000295
0223532000260
0215567002627
0215566012076
0215566009032
0215566006971
0215566002453
0215565007966
0215565000724
0215564005781
0215564005552
0215563009643
0215563009287
0215563006105
0215563005192
0215563001901
0215562009755
0215562004087
0215561009930
0215561008259
0215561000924
0215560007976
0215560007372
0215560007267
0215560006945
0215560005876
0215560004659
0215560002915
0215560002681
0215559009308
0215559007534
0215559005205
0215559004349
0215559002583
0215559002427
0215559001541
0215559001161
0215559001102
0215559000611
0215559000408
0215559000131
0215558004124
0215558002253
0215558002229
0215558001541
0215558000501
0215557007995
0215557006352
0215557005470
0215557002209
0215556007967
0215556006596
0215556005891
0215556005158
0215556001616
0215556000881
0215554004677
0215554002836
0215553004681
0215553004088
0215553001101
0215552002642
0215552001581
0215552000160
0215551003777
0215551003084
0215551002444
0215551000891
0215551000875
0215549001746
0215549001100
0215549000685
0215548002595
0215548002412
0215548001378
0215547000815
0215547000688
0215546002156
0215546001257
0215546000340
0215544000016
0215543000845
0215541000848
0215541000121
0215539001212
0215538000093
0215537000120
0215520000032
0213566001111
0213559002794
0213556000413
0213555003290
0213552002594
0213546000321
0213540000915
0213532000456
0212532000013
0207354834937
0205570009220
0205568004895
0205567040201
0205567026356
0205567015583
0205566056189
0205566052272
0205566051497
0205566050016
0205566047538
0205566044539
0205566041122
0205566037052
0205566035955
0205566032921
0205566026301
0205566020036
0205566018881
0205566013919
0205566012271
0205566010570
0205566007897
0205566002739
0205566000795
0205565038527
0205565037491
0205565034041
0205565032138
0205565026421
0205565006382
0205564039210
0205564038523
0205564038043
0205564036423
0205564027700
0205564016341
0205564015442
0205564014501
0205564014357
0205564013971
0205564011668
0205564010734
0205564006656
0205564005412
0205564003614
0205563036845
0205563035032
0205563034745
0205563034338
0205563034303
0205563033439
0205563030782
0205563029741
0205563029628
0205563028567
0205563023301
0205563021881
0205563017972
0205563016721
0205563014906
0205563013969
0205563012954
0205563008752
0205563008612
0205563008451
0205563006342
0205563004129
0205563002495
0205562046804
0205562043244
0205562042906
0205562042817
0205562042418
0205562040849
0205562039638
0205562039361
0205562038771
0205562038763
0205562038020
0205562037007
0205562036345
0205562034253
0205562033451
0205562033427
0205562032587
0205562029080
0205562028083
0205562027052
0205562025459
0205562025009
0205562023774
0205562021097
0205562020171
0205562020031
0205562019556
0205562016506
0205562016123
0205562014511
0205562014112
0205562013728
0205562012373
0205562012292
0205562011288
0205562010397
0205562010061
0205562009895
0205562009526
0205562007981
0205562006560
0205562004991
0205562001118
0205562001045
0205562000065
0205561046819
0205561045987
0205561045871
0205561045146
0205561043011
0205561042945
0205561042716
0205561042228
0205561041990
0205561041779
0205561041230
0205561040641
0205561040314
0205561039073
0205561038913
0205561036520
0205561033784
0205561033512
0205561031480
0205561030483
0205561029191
0205561028829
0205561028764
0205561027768
0205561027725
0205561026966
0205561026672
0205561025827
0205561025617
0205561025161
0205561025145
0205561025021
0205561024050
0205561023169
0205561022901
0205561022553
0205561021697
0205561016014
0205561015051
0205561012531
0205561009263
0205561009182
0205561008879
0205561008534
0205561008348
0205561007449
0205561005705
0205561005527
0205561004253
0205561003915
0205561002641
0205561002544
0205561000584
0205560041309
0205560039975
0205560039568
0205560038715
0205560038499
0205560037832
0205560037409
0205560037174
0205560035660
0205560031397
0205560031389
0205560030536
0205560029422
0205560028655
0205560027888
0205560025991
0205560023815
0205560023122
0205560022959
0205560022002
0205560021863
0205560021669
0205560021219
0205560020492
0205560020476
0205560020468
0205560019541
0205560018412
0205560018064
0205560017823
0205560017441
0205560017092
0205560016932
0205560016711
0205560016151
0205560014778
0205560014760
0205560014751
0205560014425
0205560013631
0205560012848
0205560012597
0205560012465
0205560012287
0205560012058
0205560010756
0205560009821
0205560009758
0205560009740
0205560008913
0205560008522
0205560008280
0205560008000
0205560007305
0205560006121
0205560005841
0205560005388
0205560005311
0205560005043
0205560005001
0205560004284
0205560004021
0205560001421
0205559040515
0205559040302
0205559039738
0205559039720
0205559039401
0205559039312
0205559039266
0205559037328
0205559036721
0205559036691
0205559036640
0205559036348
0205559034752
0205559033225
0205559033080
0205559032466
0205559031133
0205559030641
0205559030609
0205559028051
0205559027292
0205559026750
0205559026041
0205559025451
0205559025184
0205559024994
0205559024323
0205559024153
0205559023700
0205559023432
0205559023149
0205559022274
0205559021821
0205559021731
0205559015227
0205559014115
0205559012848
0205559012473
0205559011353
0205559010357
0205559010039
0205559009235
0205559006392
0205559004667
0205559004128
0205559003946
0205559002281
0205559001871
0205559000653
0205558034236
0205558033850
0205558032993
0205558032691
0205558027086
0205558026721
0205558026250
0205558025385
0205558024761
0205558024567
0205558020316
0205558015436
0205558015185
0205558014511
0205558014286
0205558012739
0205558010906
0205558009355
0205558007026
0205558006887
0205558004086
0205558001991
0205558001460
0205558001354
0205557045360
0205557041573
0205557041328
0205557040933
0205557040925
0205557040623
0205557036588
0205557035735
0205557034259
0205557033562
0205557031128
0205557030709
0205557029492
0205557029301
0205557027988
0205557024091
0205557022234
0205557022111
0205557020495
0205557020215
0205557020002
0205557019691
0205557019012
0205557018415
0205557018211
0205557015866
0205557015360
0205557014916
0205557014177
0205557013782
0205557013561
0205557013103
0205557010996
0205557008240
0205557007405
0205557006981
0205557005127
0205557004821
0205557004562
0205557003949
0205557003825
0205557001938
0205557001512
0205557000702
0205557000699
0205556040972
0205556040727
0205556039214
0205556038340
0205556037521
0205556036550
0205556036410
0205556034948
0205556031655
0205556031337
0205556029243
0205556029022
0205556028859
0205556026996
0205556026741
0205556026058
0205556023971
0205556022834
0205556022737
0205556020998
0205556019728
0205556019531
0205556018926
0205556018276
0205556018055
0205556017679
0205556016800
0205556016338
0205556015269
0205556012880
0205556012189
0205556008432
0205556004631
0205556003708
0205556003686
0205556003678
0205556001586
0205556001039
0205555038206
0205555036718
0205555036441
0205555034219
0205555031708
0205555030701
0205555029363
0205555027115
0205555027077
0205555021796
0205555021460
0205555021036
0205555020994
0205555020366
0205555020056
0205555014854
0205555009591
0205555008544
0205555008099
0205555004425
0205555000021
0205554031763
0205554030431
0205554030210
0205554023035
0205554022985
0205554022730
0205554021971
0205554019704
0205554019178
0205554018031
0205554016411
0205554014869
0205554014753
0205554013706
0205554013285
0205554010049
0205554009628
0205554009059
0205554008320
0205554007293
0205554007145
0205554006157
0205554004049
0205554000931
0205554000311
0205553024976
0205553024941
0205553023562
0205553020393
0205553020270
0205553020083
0205553019956
0205553019727
0205553017139
0205553016477
0205553015764
0205553015161
0205553013958
0205553012498
0205553011815
0205553010533
0205553009861
0205553009535
0205553009012
0205553006579
0205553004614
0205553003383
0205552020195
0205552018409
0205552016678
0205552015884
0205552015698
0205552015221
0205552014161
0205552013911
0205552011463
0205552011153
0205552011145
0205552010351
0205552010289
0205552007130
0205552005897
0205552001425
0205552000160
0205551027811
0205551025991
0205551025533
0205551024588
0205551024022
0205551023468
0205551023077
0205551022160
0205551021732
0205551018057
0205551017468
0205551016232
0205551015350
0205551013446
0205551011516
0205551011192
0205551009716
0205551006041
0205551004439
0205551004421
0205551003947
0205551000212
0205550023154
0205550018665
0205550018282
0205550015526
0205550014368
0205550009780
0205550006101
0205550003838
0205549030983
0205549028075
0205549017472
0205549006985
0205549002092
0205548033113
0205548032281
0205548030581
0205548030394
0205548029973
0205548028942
0205548025901
0205548025790
0205548025226
0205548025030
0205548024777
0205548021379
0205548020526
0205548014577
0205548014381
0205548013627
0205548013155
0205548012701
0205548012493
0205548008208
0205548007287
0205548005268
0205548002251
0205547023262
0205547021928
0205547018862
0205547017602
0205547013135
0205547010829
0205547002133
0205547001501
0205546017854
0205546015410
0205546015126
0205546012232
0205546011813
0205546010175
0205546009584
0205546008545
0205546007204
0205546006054
0205546005503
0205546002539
0205545013197
0205545012182
0205545011194
0205545011135
0205545009335
0205545007502
0205545005241
0205545005038
0205544008424
0205544006855
0205544006057
0205544005808
0205544003180
0205544002418
0205544000113
0205543008625
0205543006169
0205543006037
0205543004867
0205543002317
0205543001701
0205543000748
0205543000098
0205542005568
0205542005525
0205542002119
0205542000779
0205542000451
0205541003871
0205541001941
0205540005625
0205540005382
0205540004483
0205540001573
0205539006613
0205539003827
0205539002146
0205539001891
0205539001204
0205539000593
0205538006571
0205538002959
0205537003595
0205537002271
0205537000227
0205536000843
0205535003474
0205535002052
0205535000157
0205535000068
0205534003217
0205533001989
0205533001300
0205532002051
0205532002043
0205532001896
0205531003453
0205531000373
0205530000361
0205529000230
0205527000585
0205527000470
0205526000875
0205526000735
0205526000620
0205526000247
0205526000212
0205525000502
0205524000185
0205524000177
0205520000024
0203566003351
0203566002907
0203566001528
0203565003527
0203563001543
0203562004981
0203562004212
0203562003569
0203562001965
0203562001825
0203562000136
0203561000744
0203559004835
0203559001836
0203558002057
0203558001166
0203558000607
0203557007896
0203557000123
0203556001649
0203554061561
0203554000831
0203553003951
0203552002985
0203551001951
0203550006673
0203550001621
0203549005413
0203549004298
0203549000926
0203548006017
0203548003182
0203547000341
0203546001522
0203546001115
0203545001936
0203544003196
0203544001088
0203542000416
0203540000991
0203530000564
0203528000943
0203522000739
0202555000044
0395560000130
0395560000059
0395560000024
0395557000221
0395556000198
0395556000155
0395551000017
0395539000126
0393560000391
0393560000057
0393557000149
0393540000426
0385562000366
0385559000172
0385559000075
0385557000086
0383560000871
0383560000391
0383559000235
0383558000304
0375563000041
0375556000112
0375555000011
0375548000028
0375541000057
0375537000013
0365560000903
0365560000270
0365559000270
0365559000229
0365559000211
0365557000531
0365557000337
0365556000058
0365554000336
0365554000255
0365554000158
0365552000223
0365542000085
0365541000049
0363564004561
0363558000452
0363557000742
0363555000265
0363553000551
0363553000543
0363552000442
0363538000414
0363537000011
0362200351000
0355562000129
0355559000369
0355542000018
0353558000240
0353552000523
0353539000434
0345566004200
0345564003231
0345564001394
0345564001301
0345564000690
0345563000572
0345563000092
0345562002768
0345562002245
0345562002199
0345562001796
0345562001508
0345562000978
0345562000692
0345562000510
0345562000421
0345561002136
0345561001491
0345561001423
0345561001156
0345561001059
0345561000851
0345561000249
0345560002841
0345560002094
0345560001772
0345560001560
0345560001497
0345560001101
0345560000130
0345560000067
0345560000059
0345559002141
0345559002086
0345559001462
0345559001128
0345559001021
0345559000946
0345559000105
0345559000091
0345558000969
0345557001619
0345557001341
0345556000830
0345556000651
0345556000198
0345555001191
0345555000992
0345555000186
0345554000697
0345554000441
0345554000352
0345551000351
0345551000203
0345550000528
0345546000390
0345546000373
0345546000152
0345546000136
0345546000128
0345544000201
0345544000171
0345540000070
0345539000533
0345537000099
0345534000225
0345532000082
0343563003456
0343563000210
0343562001514
0343561002398
0343561001383
0343560003228
0343560001312
0343559002718
0343559001738
0343558000215
0343557000144
0343556001346
0343555001903
0343555000753
0343555000061
0343553001728
0343553000753
0343551000449
0343550000585
0343547001053
0343541000721
0343540001325
0343537000453
0343536000913
0343536000310
0343535000260
0343527000256
0335566001618
0335564001181
0335563000777
0335562000633
0335561000885
0335561000800
0335561000788
0335561000184
0335560000377
0335559000644
0335559000041
0335558000501
0335558000225
0335557000213
0335555000364
0335554000191
0335554000085
0335550000048
0335544000023
0335542000026
0335537000013
0335536000010
0335535000059
0335534000021
0335534000012
0334560000449
0333562001026
0333560001461
0333559001258
0333559001100
0333557001081
0333557000173
0333556000697
0333556000196
0333553000705
0333553000586
0333548000204
0333546000819
0333545000394
0333539000451
0333538000392
0333537000160
0333519000099
0325566000051
0325566000018
0325563000815
0325563000106
0325561000702
0325560001471
0325560001390
0325560001152
0325560000598
0325560000539
0325560000164
0325559000644
0325559000377
0325558000918
0325558000080
0325557000558
0325557000329
0325556000902
0325556000643
0325556000589
0325556000350
0325556000279
0325554000204
0325554000034
0325552000274
0325552000118
0325552000061
0325549000780
0325549000056
0325547000067
0325546000331
0325538000114
0325536000206
0325536000176
0325535000016
0325532000163
0325531000054
0323566001063
0323564003352
0323562001808
0323562000569
0323556001460
0323556000901
0323555000389
0323554000377
0323553000594
0323552000647
0323550000283
0323549000461
0323548000123
0323547000511
0323547000162
0323537000810
0323535000341
0323534000045
0323532000056
0323529000148
0323524000093
0323517000113
0323516000071
0315566002185
0315565002025
0315564000517
0315562001893
0315560001136
0315560000997
0315559001551
0315559000598
0315559000199
0315558001299
0315557000728
0315557000221
0315556000538
0315554000620
0315554000573
0315554000450
0315554000034
0315553000383
0315553000324
0315549000439
0315549000382
0315549000013
0315547000245
0315545000051
0315538000386
0315538000289
0315537000081
0315535000024
0315533000035
0313563002506
0313563001721
0313563000457
0313562001166
0313562001123
0313561001863
0313561000174
0313560001164
0313560000901
0313560000235
0313559002262
0313559001665
0313559001410
0313559000782
0313557000556
0313556000323
0313555001032
0313555000419
0313554000831
0313554000822
0313554000814
0313553000837
0313552001325
0313552000701
0313551000198
0313549000496
0313549000216
0313547000561
0313543000613
0313541000195
0313541000055
0313540000485
0313539001261
0313535000308
0313535000103
0313534000304
0313530000253
0305567002138
0305566005371
0305565009062
0305564005594
0305564000614
0305563007194
0305563006805
0305563003440
0305563002931
0305563001919
0305562007671
0305562005163
0305562004744
0305562004400
0305562003535
0305562003128
0305562002962
0305562002415
0305562000749
0305561008061
0305561007421
0305561007391
0305561007189
0305561004139
0305561002250
0305561001199
0305560007185
0305560006596
0305560006286
0305560005727
0305560005557
0305560005387
0305560004933
0305560004798
0305560004593
0305560002981
0305560002281
0305560002248
0305560002019
0305560001951
0305560001781
0305560001446
0305560001381
0305560001071
0305560001012
0305560000229
0305559005531
0305559005514
0305559005166
0305559004810
0305559004089
0305559003881
0305559003686
0305559003627
0305559003490
0305559003317
0305559002493
0305559002451
0305559000270
0305558005022
0305558003437
0305558003135
0305558001027
0305558000039
0305557003867
0305557000833
0305557000795
0305557000167
0305556004851
0305556004517
0305556004428
0305556004266
0305556003766
0305556002034
0305556001402
0305556001038
0305556000457
0305555004505
0305555004459
0305555002260
0305555000780
0305554003238
0305554003025
0305554002541
0305554002118
0305553002335
0305553000928
0305553000120
0305553000022
0305552001998
0305552001513
0305552001181
0305551001625
0305551001030
0305551000769
0305551000203
0305550001699
0305550001516
0305550001133
0305550000846
0305548001776
0305548001661
0305548000435
0305547002043
0305546000284
0305545000710
0305544000295
0305544000287
0305543000755
0305542000620
0305542000590
0305541000600
0305541000588
0305540000151
0305539000801
0305538002591
0305538002168
0305538000394
0305537000471
0305537000447
0305534000292
0305533001155
0305533000639
0305530000107
0305522000110
0303564005401
0303563001861
0303563001615
0303563000414
0303563000082
0303561005991
0303560003943
0303560001746
0303559006004
0303559004419
0303559003722
0303559002416
0303559002254
0303558001963
0303558001769
0303557002231
0303557001137
0303557001129
0303555001644
0303554001888
0303554001101
0303553004204
0303553003356
0303553001515
0303550001662
0303549001191
0303549000534
0303548003301
0303547004303
0303547002998
0303547001789
0303546000843
0303543001270
0303543000541
0303543000257
0303540002852
0303539001651
0303539000256
0303537001590
0303536002011
0303536000921
0303531000117
0303520000561
0302550000011
0495563000121
0495562000381
0495558000208
0495557000352
0495555000011
0495551000164
0495547000121
0495538000164
0495537000021
0495536000159
0493563000448
0493562000231
0493558000532
0493557000148
0493552000204
0493545000342
0493536000084
0490049000128
0485563000695
0485563000539
0485561000817
0485561000744
0485561000558
0485561000426
0485560000490
0485558000453
0485558000160
0485556000251
0485554000157
0485554000131
0485553000234
0485553000102
0485550000136
0485538000016
0483562001009
0483559001435
0483559001222
0483557000202
0483555000922
0483555000655
0483553000640
0483549000088
0483547000471
0483529000015
0475562000705
0475562000527
0475562000381
0475560000147
0475559000783
0475559000180
0475557000361
0475555000282
0475554000459
0475554000149
0475549000179
0475545000093
0475544000049
0475543000061
0475538000172
0475534000062
0473567000345
0473562001149
0473560002075
0473560001613
0473560000471
0473559001788
0473559001702
0473559000536
0473559000099
0473556000381
0473553000020
0473552000557
0473552000191
0473551000359
0473550000193
0473549000789
0473548000386
0473547000579
0473540000735
0473539000514
0473539000263
0465561000736
0465560000201
0465559000686
0465557000581
0465550000039
0465542000017
0465537000071
0463559001231
0463559000978
0463542000309
0463538000260
0455565001354
0455564001181
0455563000172
0455561000744
0455560001364
0455560000392
0455559000813
0455559000635
0455559000619
0455559000333
0455559000040
0455558000097
0455558000046
0455556000413
0455555000096
0455553000501
0455551000059
0455550000241
0455550000144
0455548000159
0455538000075
0453566000635
0453563000669
0453563000553
0453563000341
0453562000690
0453561000769
0453560001681
0453560000072
0453559001788
0453559001141
0453559000226
0453558000214
0453556001035
0453556000578
0453552000697
0453550000274
0453549000011
0453547000641
0453546000044
0453545000440
0453537000258
0447114809553
0445567001131
0445567000053
0445566001447
0445563001161
0445563000563
0445563000245
0445562001418
0445562001094
0445560000236
0445559000287
0445559000104
0445558000658
0445558000372
0445558000241
0445557000344
0445555000347
0445555000274
0445554000564
0445554000416
0445554000149
0445554000076
0445552000141
0445549000187
0445549000080
0445547000139
0445546000135
0445535000040
0445535000031
0443567000493
0443566001194
0443565001905
0443563000146
0443561000149
0443560000919
0443556000632
0443556000489
0443556000314
0443556000217
0443554000619
0443554000155
0443553000658
0443551000634
0443550000941
0443546000451
0443546000125
0443544000705
0443539000603
0443515000131
0443512000068
0435566000734
0435566000653
0435564000257
0435562000683
0435561001040
0435561000035
0435560000864
0435560000279
0435560000244
0435559000821
0435559000457
0435559000384
0435558000623
0435558000399
0435557000191
0435556000308
0435555000711
0435554000114
0435553000412
0435553000382
0435551000229
0435550000179
0435546000356
0435545000034
0435544000057
0435537000055
0435536000175
0433564001171
0433563000561
0433561001099
0433560001117
0433560001010
0433560000552
0433560000200
0433559001001
0433558001032
0433556000381
0433556000187
0433544000861
0433539000069
0433537000797
0433517000082
0433503000085
0425566000416
0425561000990
0425561000159
0425560000970
0425560000830
0425560000821
0425560000252
0425560000104
0425559000686
0425556000235
0425551000300
0425539000117
0425538000172
0425534000038
0423562000797
0423560002580
0423559000536
0423557000890
0423554003227
0423552000298
0423549000452
0423546001288
0423535000111
0415567001670
0415566002265
0415566001595
0415565004124
0415565003535
0415565001150
0415564002501
0415564002471
0415563002850
0415563002779
0415563002680
0415563002361
0415563001128
0415563000865
0415563000393
0415562003054
0415562002520
0415562002023
0415562001965
0415562001906
0415562001531
0415562001167
0415562001051
0415562000969
0415562000870
0415562000535
0415561003182
0415561002526
0415561002321
0415561002003
0415561001074
0415561000698
0415561000221
0415560003057
0415560001691
0415560001666
0415560001186
0415560001071
0415560001062
0415560001011
0415560000694
0415560000163
0415560000155
0415559003154
0415559002867
0415559002603
0415559002298
0415559001674
0415559001291
0415559000562
0415559000457
0415559000325
0415558002146
0415558002057
0415558001859
0415558001573
0415558001425
0415558001263
0415558001247
0415558001123
0415558000488
0415557001413
0415557001243
0415557001057
0415557000760
0415557000646
0415557000298
0415557000034
0415555001815
0415555001084
0415555000282
0415554000866
0415554000777
0415554000718
0415553001001
0415553000307
0415552000834
0415552000788
0415552000044
0415550000594
0415550000101
0415549000926
0415549000438
0415549000080
0415548000434
0415547000317
0415547000058
0415546000968
0415546000755
0415543000517
0415543000177
0415540000567
0415537000241
0415537000039
0415532000090
0415529000017
0415521000085
0413567001325
0413566002573
0413564000514
0413561003512
0413561000599
0413560002539
0413560002491
0413560001851
0413560001303
0413560000960
0413560000021
0413560000013
0413559003217
0413559003187
0413559002571
0413559000668
0413558001458
0413558000265
0413555003131
0413554002018
0413552001138
0413545001543
0413544000837
0413543000876
0413541000291
0413539001448
0413539000263
0413537000169
0413533000199
0413532000454
0413529000201
0413527000531
0413522000290
0413522000133
0413510000320
0413500000025
0409900287066
0405567007724
0405567002498
0405567000452
0405567000029
0405566004438
0405564002225
0405563005409
0405563004615
0405563004321
0405563004101
0405563004097
0405563003759
0405563003465
0405563002795
0405563002418
0405563002353
0405563001900
0405563000075
0405562005294
0405562004514
0405562003992
0405562003186
0405562002830
0405562000675
0405561004901
0405561003956
0405561002542
0405561001686
0405561001457
0405561001350
0405560006463
0405560006170
0405560005734
0405560005726
0405560005513
0405560005475
0405560005394
0405560004380
0405560004177
0405560003251
0405560002107
0405560001437
0405559003707
0405559003197
0405559003049
0405559002603
0405559002255
0405559000724
0405559000261
0405558003240
0405558003118
0405558002251
0405558001298
0405557000298
0405556002564
0405556002530
0405556002319
0405556002041
0405556000499
0405555002650
0405555000975
0405554001978
0405554001102
0405553001281
0405553000382
0405553000137
0405552001521
0405552001202
0405552001172
0405552000036
0405550000705
0405550000390
0405549000691
0405549000098
0405548001082
0405548001074
0405548000124
0405547000929
0405547000899
0405547000759
0405547000635
0405546001093
0405546000658
0405545000794
0405543000754
0405542000432
0405542000181
0405542000106
0405540000851
0405540000516
0405538001675
0405538001543
0405537001507
0405537000349
0405537000144
0405536000965
0405533000417
0405531000142
0405529000173
0405529000076
0405524000213
0405512000019
0403564004102
0403564002398
0403563005041
0403563002971
0403563001762
0403562000878
0403562000029
0403561003083
0403561001960
0403561001901
0403560004396
0403560003501
0403560001354
0403560000978
0403559004191
0403559003039
0403559002300
0403559002067
0403558004180
0403558002624
0403558002055
0403558001814
0403558001326
0403558000397
0403558000010
0403557003643
0403557001055
0403557000369
0403555001031
0403554001682
0403553001115
0403553000259
0403552001651
0403552000948
0403551002491
0403548000670
0403543002089
0403541000046
0403539002975
0403536000254
0403532000497
0403524000432
0403517000031
0585565000250
0585557000114
0585540000019
0583565000177
0583560000616
0583560000365
0583546000043
0583543000166
0583537000044
0575567002284
0575567001709
0575566005255
0575566004810
0575566002809
0575566001365
0575566000270
0575565005243
0575565003968
0575565002805
0575565002767
0575565001736
0575565001655
0575565000888
0575565000209
0575564005223
0575564005070
0575564004073
0575563003596
0575563001135
0575563000139
0575562004386
0575562002235
0575562002031
0575561001464
0575561001405
0575561001383
0575560004273
0575560002149
0575560002050
0575560001975
0575560001738
0575560001720
0575560001487
0575560001231
0575560001151
0575560001118
0575560000936
0575560000741
0575560000723
0575560000405
0575560000251
0575560000219
0575560000090
0575560000031
0575559003269
0575559003145
0575559003064
0575559003056
0575559002980
0575559002971
0575559002955
0575559002947
0575559002939
0575559002921
0575559002904
0575559002891
0575559002882
0575559002874
0575559002866
0575559002858
0575559002831
0575559002823
0575559002821
0575559002815
0575559002807
0575559002793
0575559002785
0575559002777
0575559002769
0575559002751
0575559002726
0575559002718
0575559001941
0575559001681
0575559000197
0575558002722
0575558002668
0575558002447
0575558001980
0575558001220
0575558001033
0575558000827
0575558000011
0575557000874
0575557000319
0575557000298
0575556002423
0575556002229
0575556000293
0575555002101
0575555001661
0575555001032
0575555000079
0575554001144
0575554000806
0575553001469
0575553001281
0575552001163
0575552000809
0575552000248
0575551000155
0575550000640
0575549001077
0575549000984
0575549000640
0575549000241
0575548000964
0575548000689
0575548000620
0575547000928
0575547000308
0575546000029
0575545000394
0575544000412
0575544000358
0575537000291
0575537000020
0575534000720
0575534000045
0575533000416
0575519000013
0573565002307
0573564002699
0573564002141
0573564000572
0573564000416
0573563003004
0573562003825
0573562002942
0573562000401
0573561004283
0573561000393
0573560005367
0573560004514
0573560004409
0573560004000
0573560001663
0573560001477
0573560001043
0573560000225
0573559003496
0573559003437
0573559001710
0573559001400
0573558001406
0573558001252
0573556002553
0573556001174
0573555002304
0573555002096
0573555000093
0573555000051
0573554001975
0573554001762
0573553001564
0573551000781
0573550000524
0573549000648
0573548002469
0573548002370
0573548002027
0573548001853
0573548000652
0573548000334
0573546005371
0573546001651
0573543000298
0573543000191
0573542000791
0573540001889
0573540001013
0573538000561
0573538000536
0573537001261
0573537000435
0573535000047
0573528000266
0565563000562
0565563000139
0565563000091
0565562000208
0565561000611
0565561000158
0565560000499
0565559000421
0565559000413
0565559000341
0565558000274
0565557000220
0565557000114
0565555000036
0565546000037
0565540000019
0565537000232
0565537000127
0565535000090
0563564001838
0563562000036
0563561000831
0563561000504
0563560000403
0563560000012
0563559000900
0563559000853
0563557000031
0563556000488
0563538000013
0563535000144
0563534000302
0562542000013
0555566000601
0555561000328
0555561000051
0555559000421
0555559000235
0555557000211
0555556000331
0555556000218
0555555000192
0555546000053
0555538000015
0555537000089
0555523000014
0555510000660
0553562000486
0553561001501
0553561001080
0553560001418
0553560000772
0553559000926
0553557000597
0553554000235
0553545000392
0553542000103
0553522000019
0545565000543
0545564000400
0545560001029
0545560000634
0545559000842
0545559000634
0545559000332
0545558000266
0545558000193
0545557000394
0545557000271
0545557000114
0545556000242
0545555000281
0545555000265
0545551000015
0545549000151
0545537000160
0545535000031
0545533000033
0545531000087
0545531000028
0543562000427
0543561000580
0543561000164
0543559000217
0543551000030
0543549000010
0543545000546
0543543000107
0535566000130
0535565000918
0535564000477
0535564000256
0535563000384
0535562000119
0535561000697
0535561000671
0535559000413
0535557000262
0535554000041
0535552000019
0535551000074
0535550000062
0535548000018
0535543000087
0535538000066
0535538000015
0535536000051
0533564000611
0533562000583
0533561000237
0533561000229
0533560000969
0533560000241
0533559000209
0533559000012
0533557000031
0533555000361
0533555000352
0533555000280
0533553000380
0533549000567
0533548000202
0533545000082
0533534000329
0532554000013
0525566001314
0525565000845
0525565000373
0525565000217
0525565000071
0525564000108
0525563001089
0525561000743
0525561000531
0525560000359
0525559000464
0525558000053
0525557000505
0525556000251
0525547000171
0525537000305
0525533000262
0525531000095
0523566001835
0523563000323
0523560002392
0523559001132
0523557001119
0523557000708
0523555001821
0523555001138
0523555000751
0523554000987
0523548000458
0523546000051
0523539001358
0523532000267
0523524000130
0515567000737
0515564001139
0515562001204
0515562000666
0515562000143
0515561000026
0515560000413
0515559001118
0515559001011
0515559000472
0515558000291
0515557000688
0515557000599
0515557000262
0515555000800
0515555000796
0515552000418
0515547000057
0515546000053
0515538000210
0515537000127
0515537000101
0513560000161
0513560000080
0513558000027
0513551000625
0513551000358
0513549001121
0513548001187
0513542000065
0507114824594
0505567019292
0505567014436
0505567010538
0505567002675
0505567000591
0505567000371
0505566024721
0505566024683
0505566023181
0505566022206
0505566020467
0505566018322
0505566017539
0505566017431
0505566017423
0505566015609
0505566012031
0505566011573
0505566010496
0505566010437
0505566009170
0505566008840
0505566008068
0505566004933
0505566003872
0505566003783
0505566003295
0505566002051
0505566000555
0505566000351
0505565022148
0505565020790
0505565020382
0505565019813
0505565019317
0505565019091
0505565018621
0505565016695
0505565016300
0505565015842
0505565015184
0505565014064
0505565013602
0505565012584
0505565009516
0505565008757
0505565007327
0505565004123
0505565003330
0505565003208
0505565000055
0505565000039
0505564015241
0505564014931
0505564014621
0505564012785
0505564012408
0505564009822
0505564009601
0505564009041
0505564006769
0505564005045
0505564000655
0505564000451
0505564000329
0505563017422
0505563016841
0505563015675
0505563015446
0505563015055
0505563014067
0505563013524
0505563011319
0505563010797
0505563010339
0505563009837
0505563009829
0505563008971
0505563008105
0505563007583
0505563007427
0505563004479
0505563003758
0505563002832
0505563002123
0505563001101
0505563000848
0505563000228
0505562019782
0505562019481
0505562016678
0505562015884
0505562015469
0505562013431
0505562012397
0505562012320
0505562011609
0505562010572
0505562010033
0505562009825
0505562009418
0505562009086
0505562008314
0505562007792
0505562006648
0505562006532
0505562006079
0505562004629
0505562004114
0505562004050
0505562003754
0505562003185
0505562003088
0505562002502
0505562002481
0505562002014
0505562001913
0505562001301
0505562001182
0505562000798
0505562000640
0505562000615
0505562000348
0505562000178
0505562000151
0505561020493
0505561020221
0505561019584
0505561019576
0505561018464
0505561017701
0505561016691
0505561016224
0505561014957
0505561014591
0505561014159
0505561013934
0505561013799
0505561013683
0505561013497
0505561013454
0505561013268
0505561013098
0505561012971
0505561012105
0505561012024
0505561011702
0505561011541
0505561011168
0505561010706
0505561010331
0505561009139
0505561008787
0505561008426
0505561008043
0505561007705
0505561007179
0505561006946
0505561006610
0505561006342
0505561006326
0505561006261
0505561006164
0505561005371
0505561005257
0505561004927
0505561004650
0505561003289
0505561001278
0505560016727
0505560015950
0505560015232
0505560015143
0505560014759
0505560014741
0505560014511
0505560013272
0505560013167
0505560012691
0505560012683
0505560012501
0505560012381
0505560012292
0505560012110
0505560012071
0505560011334
0505560009704
0505560009631
0505560009518
0505560008350
0505560008317
0505560008198
0505560008104
0505560008058
0505560007744
0505560007612
0505560007191
0505560007051
0505560006721
0505560006641
0505560005831
0505560005539
0505560005440
0505560005377
0505560005342
0505560005242
0505560005067
0505560004800
0505560004109
0505560004044
0505560003820
0505560003633
0505560003412
0505560003404
0505560003030
0505560002831
0505560002815
0505560002572
0505560002238
0505560001878
0505560001797
0505560000502
0505560000367
0505560000278
0505559016280
0505559015941
0505559015925
0505559015631
0505559015577
0505559015097
0505559014511
0505559013701
0505559013698
0505559013663
0505559013400
0505559012934
0505559012870
0505559012764
0505559012683
0505559012462
0505559012063
0505559011725
0505559010982
0505559010931
0505559010877
0505559010818
0505559010541
0505559010508
0505559009470
0505559009330
0505559009020
0505559008805
0505559008333
0505559008309
0505559008252
0505559008210
0505559007493
0505559006705
0505559006420
0505559006276
0505559006241
0505559006004
0505559005881
0505559005342
0505559005091
0505559004613
0505559004486
0505559003871
0505559002963
0505559002688
0505559002670
0505559002556
0505559002513
0505559001878
0505559001819
0505559001215
0505559001169
0505559001070
0505558012108
0505558011861
0505558011713
0505558011233
0505558010784
0505558009751
0505558009646
0505558008984
0505558008429
0505558008348
0505558008275
0505558008267
0505558007601
0505558007449
0505558006728
0505558006515
0505558006388
0505558006329
0505558006078
0505558005845
0505558005586
0505558005209
0505558005047
0505558004784
0505558004172
0505558003923
0505558003532
0505558003451
0505558003184
0505558003125
0505558002421
0505558002374
0505558001785
0505558001416
0505558000398
0505557010632
0505557010446
0505557010098
0505557009898
0505557009731
0505557009162
0505557009014
0505557008875
0505557008816
0505557008611
0505557008433
0505557007852
0505557007551
0505557007071
0505557006376
0505557006058
0505557005558
0505557005302
0505557004934
0505557004900
0505557004675
0505557003971
0505557003741
0505557002974
0505557002621
0505557002559
0505557002346
0505557000157
0505557000033
0505556063659
0505556011911
0505556011708
0505556009746
0505556009533
0505556009193
0505556009045
0505556008804
0505556008456
0505556008367
0505556007077
0505556006551
0505556006488
0505556006224
0505556005961
0505556005651
0505556005449
0505556004591
0505556004540
0505556004426
0505556004167
0505556004019
0505556003586
0505556002792
0505556002423
0505556001711
0505556000757
0505556000404
0505556000366
0505556000188
0505555010163
0505555009645
0505555008983
0505555007677
0505555007456
0505555007367
0505555007154
0505555007103
0505555006352
0505555005895
0505555005674
0505555005615
0505555005551
0505555005445
0505555005135
0505555005038
0505555004961
0505555003370
0505555003001
0505555002055
0505555001113
0505555000982
0505555000184
0505555000028
0505554007185
0505554006642
0505554006511
0505554005441
0505554005352
0505554005298
0505554005263
0505554005115
0505554004534
0505554002078
0505554001985
0505554001128
0505554000296
0505554000172
0505553006070
0505553004883
0505553004689
0505553004654
0505553004433
0505553004158
0505553003721
0505553003640
0505553003186
0505553001957
0505553000632
0505553000284
0505552004634
0505552004219
0505552003905
0505552002283
0505552001546
0505552001031
0505552000841
0505552000078
0505551005858
0505551005629
0505551005343
0505551005173
0505551004339
0505551003910
0505551003588
0505551002557
0505551001925
0505551001631
0505551001062
0505551001038
0505551000996
0505551000368
0505550004432
0505550003347
0505550003282
0505550002642
0505550001701
0505550001638
0505550001514
0505550001051
0505550000577
0505550000178
0505549005684
0505549005293
0505549004882
0505549004599
0505549004505
0505549004084
0505549002197
0505549000569
0505549000445
0505548003572
0505548003441
0505548003190
0505548002410
0505548002339
0505548001821
0505548001553
0505548001201
0505548001049
0505547005962
0505547005733
0505547004664
0505547003463
0505547002734
0505547001487
0505547001339
0505547001169
0505547000715
0505546005624
0505546005209
0505546004971
0505546003613
0505546001688
0505545004560
0505545004446
0505545002851
0505545002516
0505545002036
0505545001722
0505545001676
0505545001072
0505545000823
0505545000661
0505544003276
0505544003195
0505544001842
0505544001494
0505544001311
0505544000811
0505543003264
0505543002802
0505543002578
0505543001172
0505542001144
0505542000792
0505542000750
0505541002635
0505541002261
0505541002147
0505541001515
0505541001400
0505541000985
0505541000314
0505541000179
0505540003328
0505539002879
0505539001562
0505538003910
0505538000309
0505537005307
0505537004238
0505537002197
0505536004412
0505536003891
0505536001189
0505535003561
0505535003129
0505535003056
0505535000553
0505535000022
0505534003524
0505534000461
0505533001170
0505533000696
0505532002610
0505532000617
0505532000439
0505531001687
0505531001181
0505531000591
0505530000598
0505530000458
0505529000784
0505528000047
0505525000518
0505524000352
0505524000255
0505521000165
0505509000011
0505149513082
0504567005801
0503567004072
0503567000026
0503566007027
0503565000959
0503565000789
0503564004942
0503563006968
0503563004787
0503563004566
0503563003993
0503563003331
0503563002962
0503563002237
0503563000749
0503562006247
0503562006115
0503562004759
0503562004333
0503562002225
0503562001601
0503562000575
0503561007827
0503561007088
0503561006529
0503561006171
0503561004747
0503561004712
0503561004631
0503561003406
0503561002337
0503561002221
0503561001462
0503561000849
0503560005758
0503560005618
0503560005197
0503560004891
0503560004204
0503560002139
0503560001451
0503560001329
0503560000110
0503559007335
0503559005723
0503559005260
0503559005006
0503559004301
0503559004085
0503559002783
0503559002147
0503559001922
0503559001183
0503559000217
0503559000055
0503558006891
0503558003263
0503558002925
0503558002267
0503558002101
0503558001872
0503557007494
0503557005891
0503557005572
0503557003332
0503557002956
0503557002549
0503557001887
0503557001461
0503557000171
0503556006222
0503556005889
0503556005692
0503555007063
0503555005869
0503555004919
0503555004714
0503555004218
0503555003807
0503555002835
0503555001618
0503554006039
0503554002840
0503553003699
0503553002960
0503552000874
0503552000688
0503551005741
0503550005623
0503550005488
0503550002594
0503549006760
0503549005712
0503549005691
0503549003574
0503549002365
0503549001962
0503548006821
0503548006375
0503548004763
0503547006355
0503547004999
0503547001850
0503547001299
0503547000969
0503546008486
0503546008460
0503545005637
0503545002549
0503545000864
0503544001239
0503543004200
0503543003475
0503543001456
0503541002404
0503541000401
0503540001650
0503539004608
0503538006305
0503538005384
0503538004515
0503538004060
0503537005577
0503537002365
0503537000362
0503536004127
0503536002621
0503536000229
0503535000730
0503535000551
0503534000027
0503532002685
0503531001766
0503531001626
0503531000891
0503529001622
0503526001877
0503526000412
0503526000048
0503525001172
0503519000437
0503514000421
0503508000023
0501550511128
0675564000166
0675561000564
0675560000871
0675559000935
0675557000296
0675556000195
0675556000187
0675555000060
0675548000122
0675537000185
0673563000446
0673561001437
0673560000747
0673560000259
0673559001263
0673558001120
0673558000484
0673557001509
0673557001169
0673557001142
0673550000060
0673549000817
0673547000500
0673541000516
0673536000546
0673535000607
0673535000224
0673535000020
0665565001115
0665559000692
0665559000676
0665559000528
0665557000059
0665555000175
0665554000121
0665553000208
0665550000169
0665548000131
0665542000147
0663561000317
0663560001361
0663560000879
0663560000542
0663547000437
0663535000160
0655566001356
0655564001871
0655562001530
0655562001416
0655561002192
0655561002109
0655561001811
0655561001498
0655561000459
0655560000587
0655560000331
0655560000196
0655559001427
0655559001346
0655559001168
0655559001079
0655559000731
0655559000692
0655559000684
0655559000331
0655559000218
0655559000161
0655559000129
0655558000869
0655558000591
0655558000575
0655558000281
0655557001152
0655556000080
0655554000317
0655553000119
0655553000071
0655551000391
0655551000243
0655550000452
0655550000436
0655550000169
0655549000240
0655545000059
0655543000035
0655539000611
0655537000142
0655536000301
0655536000033
0655523000021
0655501000096
0653564002787
0653563001108
0653563000462
0653562001996
0653562001694
0653561002239
0653561002077
0653561000392
0653560002545
0653560002383
0653560002073
0653560001786
0653560001557
0653560001361
0653560001107
0653559002707
0653559001689
0653559000968
0653559000593
0653559000143
0653558001642
0653557000456
0653556001149
0653556000347
0653555000238
0653551001574
0653549001325
0653548001348
0653547001573
0653547001387
0653547000470
0653546003165
0653546002312
0653541000150
0653540000709
0653538001035
0645559000161
0645559000153
0645559000145
0645559000137
0645557000334
0645557000091
0645557000041
0645554000210
0645554000112
0645551000090
0645547000048
0645543000035
0645536000084
0645535000021
0645533000041
0643562000353
0643561000121
0643535000135
0643530000013
0635567000868
0635563000677
0635563000561
0635561000866
0635561000327
0635561000262
0635560000412
0635559001249
0635559000692
0635559000226
0635559000218
0635558000087
0635557000571
0635557000563
0635556000187
0635554000376
0635554000287
0635554000082
0635539000077
0635531000019
0633561000180
0633560000917
0633559000178
0633555000734
0633554000811
0633552000148
0633552000067
0633548000333
0633546000077
0633545000383
0633540000245
0633534000425
0633534000212
0633526000080
0625565000461
0625563000570
0625562000550
0625562000479
0625560001125
0625560000595
0625560000218
0625558000273
0625550000177
0625550000096
0625547000030
0625542000023
0625540000069
0625538000103
0625521000016
0623563001418
0623558000018
0623557000057
0623555000416
0623544000487
0623542000170
0623537000574
0623537000507
0623535000623
0623535000119
0623524000023
0615566000384
0615559000196
0615543000078
0615537000061
0615359000016
0613561000597
0613560000682
0613554000196
0613527000016
0605562001831
0605561001048
0605560001834
0605560000731
0605559001567
0605559000978
0605559000951
0605558001032
0605558000222
0605557000580
0605556001086
0605555000027
0605553000739
0605552000034
0605551000456
0605551000383
0605550000240
0605546000575
0605546000176
0605545000059
0605543000027
0605540000310
0605539000760
0605538000723
0605535000102
0605527000131
0603567000262
0603565000478
0603564000202
0603564000075
0603560002685
0603560000402
0603559001956
0603559001883
0603559000755
0603559000127
0603558000051
0603557001517
0603555000751
0603542000447
0603519000118
0775566005326
0775566004524
0775565003851
0775565000568
0775564000785
0775564000734
0775563003063
0775563001494
0775563001362
0775563000790
0775563000064
0775562003817
0775562003710
0775562002705
0775562001342
0775561003694
0775561003163
0775561003031
0775561002591
0775561001586
0775561001446
0775561001357
0775561001250
0775561001209
0775561000571
0775561000474
0775561000369
0775560003691
0775560003453
0775560003381
0775560003119
0775560002554
0775560001540
0775560001329
0775560000098
0775560000047
0775559003305
0775559003101
0775559002988
0775559002651
0775559002627
0775559001892
0775559001531
0775559001060
0775559000799
0775559000781
0775559000667
0775559000373
0775558001228
0775557002794
0775557001038
0775557000503
0775556002901
0775556002294
0775556002227
0775556002103
0775556001913
0775556001671
0775556001611
0775556000691
0775555002223
0775554002211
0775554001771
0775554000456
0775554000430
0775553002277
0775553001157
0775553000649
0775552002117
0775552001056
0775552000955
0775552000777
0775551002245
0775551000811
0775550002705
0775550001571
0775549006395
0775549005593
0775548004607
0775548001012
0775548000211
0775547003241
0775547003054
0775547002503
0775546000191
0775546000183
0775545000996
0775543000522
0775541000363
0775540000394
0775540000335
0775538000013
0775532000143
0775526000013
0773560000363
0773558000092
0773555000491
0773555000211
0773553001317
0773552000635
0773548000804
0773546000793
0773544000559
0773536000391
0773535000134
0773534000432
0765567002045
0765562001059
0765561000482
0765561000130
0765560001507
0765560001027
0765559000128
0765558000850
0765558000787
0765558000418
0765557000562
0765557000082
0765555000239
0765555000182
0765555000123
0765554000413
0765554000138
0765553000240
0765552000599
0765551000820
0765547000306
0765546000019
0765545000015
0765544000232
0765542000332
0765537000532
0765535000195
0763554000101
0763545000251
0763533000269
0763529000039
0755564000939
0755562000192
0755561000628
0755560000667
0755557000261
0755557000121
0755557000023
0755556000194
0755547000110
0755539000122
0755531000042
0745566007396
0745566007345
0745566003994
0745566002629
0745564009014
0745564008654
0745564004624
0745564001129
0745564000700
0745563006194
0745563001915
0745562009971
0745562007642
0745562005101
0745562002772
0745562000061
0745561008866
0745561007509
0745561005298
0745561002671
0745561001748
0745560010182
0745560008978
0745560008030
0745560004085
0745559007904
0745559006312
0745559005723
0745559003267
0745558006688
0745558001864
0745557006790
0745557002344
0745557001224
0745557001089
0745556002812
0745555005036
0745555004439
0745555002797
0745555001006
0745553004989
0745553002447
0745553001599
0745552003164
0745550002985
0745549002675
0745548004224
0745548003635
0745548001900
0745547003747
0745547000934
0745546002062
0745546000361
0745546000078
0745545001828
0745545000902
0745545000805
0745545000783
0745544002006
0745544000704
0745541001581
0745539000475
0745539000238
0745537000273
0745535000063
0745533000775
0745533000732
0745532000437
0743553000647
0743552000643
0743550001359
0743550000662
0743549001316
0743538000071
0735567004226
0735567002231
0735567001154
0735566006934
0735566003650
0735565002994
0735564003652
0735564002338
0735564001757
0735563006267
0735563006208
0735563005953
0735563002679
0735562008428
0735562005895
0735562005283
0735562003183
0735562002497
0735561005379
0735561003376
0735561003295
0735561001667
0735560004557
0735560001680
0735560001175
0735560000471
0735559007319
0735559003810
0735558006432
0735558001694
0735558001627
0735558001473
0735557005629
0735557004916
0735557004070
0735557002476
0735557001143
0735557000198
0735556005013
0735556003495
0735555002479
0735555001715
0735555001383
0735554002912
0735553003869
0735553003214
0735553003079
0735553001262
0735553000214
0735552002940
0735552001340
0735552000823
0735552000181
0735551002776
0735551000935
0735550000605
0735549001385
0735549000931
0735547003020
0735546002739
0735546002275
0735546001295
0735546000574
0735545002069
0735545000368
0735544000291
0735543000476
0735543000166
0735542000553
0735540001463
0735539000114
0735538000234
0735537002519
0735537001172
0735536000121
0735535001949
0735534000558
0735531000069
0735530000537
0735529000499
0735518000069
0733548002181
0733548001967
0733547000606
0733537000115
0733528000159
0725565001122
0725561001055
0725560002007
0725560000993
0725560000152
0725559001957
0725559001744
0725559001728
0725559001060
0725558000914
0725558000418
0725555000727
0725553000070
0725551000111
0725548000091
0725546000345
0725535000217
0725532000151
0725518000018
0723562000956
0723561000201
0723560000169
0723558000416
0723551000348
0723548000677
0723544000273
0723535000983
0723535000231
0715567000409
0715566001967
0715563000790
0715563000731
0715563000595
0715562001881
0715562001032
0715562000150
0715562000052
0715561001306
0715560003569
0715560003518
0715560002147
0715560002082
0715560001906
0715560001671
0715560000756
0715559001973
0715559001744
0715559000594
0715558001457
0715557000333
0715556000801
0715556000771
0715556000569
0715555000832
0715555000778
0715555000425
0715555000387
0715554000715
0715553000878
0715552000327
0715552000301
0715549000095
0715547000799
0715546000132
0715546000078
0715540000416
0715537000532
0715535000411
0715533000031
0713562000786
0713561000863
0713561000766
0713547000592
0713535000843
0705567003041
0705567000841
0705565003613
0705565002366
0705564002257
0705563001320
0705563001010
0705562002900
0705561002698
0705561002426
0705561000580
0705561000369
0705561000156
0705560003330
0705560002945
0705560002520
0705560002490
0705560001728
0705560001272
0705560000926
0705560000497
0705560000373
0705560000331
0705559002368
0705559002261
0705559002121
0705559000136
0705558000531
0705557001739
0705557000317
0705557000279
0705556001531
0705556000283
0705556000097
0705555000697
0705555000671
0705554001193
0705552000980
0705551000803
0705550000346
0705549000168
0705548000865
0705548000130
0705546000884
0705546000671
0705546000248
0705544000631
0705544000372
0705544000216
0705542000171
0705541000347
0705540000467
0705536000709
0705535000624
0705534000337
0705518000018
0703563000259
0703558000238
0703557001079
0703554002538
0703551000933
0703548000367
0703546000611
0703532000087
0703519000087
0865566000650
0865565000664
0865564001276
0865564000652
0865562001457
0865561000848
0865560000135
0865559001239
0865559000500
0865559000496
0865558000441
0865557000774
0865557000561
0865555000416
0865553000095
0865553000028
0865552000237
0865548000155
0865544000177
0865539000148
0865539000041
0865536000155
0865535000011
0863562000637
0863560000257
0863559000303
0863559000117
0863555000686
0863550000432
0863549000271
0863544000175
0863537000475
0863536000137
0863526000177
0855560000119
0855559000194
0855559000011
0855558000174
0855557000065
0855554000013
0855550000035
0855549000086
0855536000112
0855531000033
0853558000377
0853549000033
0853548000048
0853547000257
0853542000216
0853533000071
0853528000051
0847114703081
0845566023331
0845566018371
0845566007956
0845566006631
0845566005759
0845566005741
0845566005490
0845566004311
0845566002431
0845566001940
0845565017443
0845565010112
0845565009408
0845565006786
0845565003388
0845565003051
0845565002624
0845565001954
0845564007231
0845564004445
0845563008251
0845563006886
0845563002155
0845563002058
0845563001329
0845563000616
0845562012599
0845562011495
0845562007269
0845562006441
0845562006335
0845562004553
0845562002500
0845562000523
0845562000434
0845561012609
0845561011271
0845561009942
0845561009527
0845561009225
0845561008393
0845561008113
0845561007401
0845561005505
0845561001054
0845561000651
0845561000279
0845561000171
0845560011641
0845560011374
0845560008021
0845560007580
0845560005072
0845560000623
0845559010998
0845559010092
0845559009981
0845559009221
0845559008993
0845559007369
0845559006869
0845559004483
0845559004114
0845559003827
0845559003801
0845559002901
0845559002829
0845558009121
0845558008639
0845558008264
0845558006814
0845558005150
0845558003335
0845558002631
0845558001928
0845558001821
0845558001740
0845558001596
0845558001341
0845558001294
0845558000115
0845557010192
0845557009169
0845557004699
0845557002548
0845557002165
0845557001959
0845557001223
0845557000545
0845556007449
0845556006752
0845556006728
0845556005489
0845556005420
0845556005080
0845556005063
0845556005055
0845556005039
0845556004423
0845556003567
0845556002951
0845556002536
0845556001904
0845556001645
0845555007488
0845555006333
0845555005299
0845555004543
0845555003326
0845555002982
0845555002885
0845555002133
0845555001269
0845554005953
0845554005562
0845554005538
0845554003705
0845554003659
0845554003527
0845554002440
0845554001711
0845554001699
0845553005755
0845553004767
0845553004171
0845553002578
0845553001083
0845553001041
0845553000770
0845553000095
0845552005298
0845552003775
0845552003651
0845552003635
0845552002124
0845552001951
0845551006681
0845551006240
0845551005871
0845551005146
0845551004425
0845551003852
0845551002210
0845551001710
0845551001213
0845551000152
0845550005983
0845550005754
0845550003581
0845550003221
0845550002844
0845550002478
0845550001571
0845550000736
0845550000710
0845549004511
0845549002933
0845549002348
0845548009471
0845548009209
0845548007737
0845548005441
0845548003219
0845547010220
0845547009141
0845547008560
0845547003517
0845547003223
0845546004391
0845546004145
0845546002975
0845546002207
0845546001740
0845546000280
0845546000034
0845545002661
0845544002099
0845544001505
0845544001483
0845542001885
0845542001541
0845542001524
0845542001354
0845542001265
0845542000391
0845541000699
0845541000435
0845539001560
0845539000652
0845538000624
0845538000551
0845537000213
0845536000180
0845535000844
0845534000751
0845533000103
0845532000495
0845530000293
0845522000051
0844566023471
0843566001476
0843561001443
0843561000731
0843560003060
0843560000761
0843559000966
0843558002191
0843558001098
0843557002881
0843557002465
0843557001311
0843556002348
0843556002011
0843556001821
0843555001593
0843555000651
0843553000476
0843553000093
0843552001762
0843551002749
0843551002722
0843551000266
0843548001435
0843545001515
0843545001493
0843545000748
0843542001841
0843536000919
0843526000444
0835567019834
0835567011914
0835567005353
0835567000360
0835566044967
0835566044401
0835566044118
0835566043031
0835566039785
0835566038860
0835566037481
0835566037103
0835566037081
0835566036328
0835566033957
0835566033591
0835566032616
0835566032110
0835566027141
0835566025636
0835566025261
0835566020090
0835566019067
0835566014979
0835566010531
0835566009428
0835566009053
0835566008553
0835566007468
0835566006488
0835566006411
0835566004540
0835566004451
0835566004361
0835566001338
0835566001010
0835566000625
0835565027414
0835565025829
0835565025560
0835565025471
0835565025021
0835565024806
0835565024181
0835565023419
0835565021475
0835565021220
0835565021068
0835565019993
0835565019110
0835565017559
0835565016994
0835565016919
0835565013651
0835565013537
0835565013251
0835565012794
0835565012051
0835565010651
0835565010503
0835565009882
0835565009793
0835565008932
0835565008649
0835565007804
0835565007588
0835565006581
0835565004953
0835565004791
0835565003426
0835565001946
0835565001644
0835565001555
0835565000761
0835565000311
0835564012421
0835564012294
0835564012049
0835564011638
0835564010844
0835564010429
0835564009790
0835564009196
0835564007487
0835564007479
0835564006707
0835564005395
0835564004283
0835564003759
0835564003571
0835564003384
0835564002868
0835564002841
0835564002001
0835564001969
0835564001071
0835564001055
0835564000601
0835564000270
0835563011537
0835563011405
0835563011154
0835563011090
0835563010956
0835563008986
0835563008854
0835563007939
0835563007734
0835563007548
0835563007149
0835563006738
0835563004760
0835563004697
0835563004301
0835563004247
0835563003895
0835563003801
0835563003712
0835563003216
0835563002244
0835563001540
0835563000870
0835563000837
0835563000152
0835562019534
0835562019275
0835562019135
0835562016209
0835562015814
0835562015351
0835562015261
0835562014303
0835562013498
0835562012866
0835562012696
0835562012262
0835562012041
0835562011118
0835562010430
0835562010197
0835562010065
0835562009601
0835562009211
0835562008036
0835562007714
0835562006556
0835562006416
0835562006386
0835562006106
0835562004987
0835562004391
0835562003417
0835562003123
0835562003051
0835562002739
0835562001988
0835562001414
0835562001341
0835562001180
0835562000761
0835562000574
0835562000418
0835561021047
0835561020440
0835561019981
0835561019891
0835561019425
0835561019174
0835561018895
0835561018682
0835561018178
0835561018151
0835561018038
0835561016485
0835561016477
0835561016345
0835561016132
0835561015837
0835561015730
0835561015098
0835561014491
0835561014083
0835561014032
0835561013346
0835561012935
0835561011874
0835561011793
0835561011688
0835561011599
0835561011289
0835561011114
0835561011050
0835561010690
0835561010533
0835561010509
0835561010479
0835561010053
0835561009926
0835561009179
0835561009136
0835561008831
0835561008628
0835561008563
0835561008423
0835561008130
0835561007672
0835561007656
0835561007389
0835561007117
0835561006536
0835561004231
0835561003863
0835561003839
0835561003740
0835561003707
0835561003405
0835561003383
0835561003375
0835561003243
0835561002972
0835561002646
0835561002549
0835561001941
0835561001640
0835561001534
0835561001046
0835561000996
0835561000589
0835561000465
0835560018352
0835560018328
0835560018263
0835560016716
0835560016597
0835560015736
0835560015701
0835560015116
0835560014934
0835560014918
0835560014535
0835560014489
0835560014373
0835560014144
0835560013105
0835560012770
0835560012711
0835560012419
0835560012222
0835560011978
0835560011790
0835560011153
0835560010599
0835560010386
0835560010017
0835560009841
0835560008861
0835560008667
0835560008471
0835560008373
0835560007873
0835560007776
0835560007580
0835560007164
0835560007083
0835560006818
0835560006613
0835560006419
0835560006281
0835560006231
0835560005501
0835560005234
0835560004475
0835560004289
0835560004084
0835560003673
0835560003622
0835560003177
0835560003096
0835560002871
0835560002821
0835560002766
0835560002588
0835560002235
0835560001981
0835560001531
0835560000577
0835560000364
0835560000208
0835560000135
0835559015701
0835559015345
0835559015001
0835559014977
0835559014721
0835559014021
0835559013768
0835559013300
0835559012575
0835559012362
0835559011978
0835559011692
0835559011226
0835559010777
0835559010751
0835559010386
0835559009957
0835559009892
0835559009272
0835559008641
0835559008586
0835559008268
0835559008098
0835559007725
0835559007695
0835559007628
0835559007547
0835559007016
0835559006745
0835559005986
0835559005196
0835559005170
0835559005021
0835559004866
0835559004475
0835559004149
0835559003843
0835559003746
0835559003703
0835559003533
0835559002715
0835559002618
0835559002499
0835559001875
0835559001701
0835559000232
0835558013292
0835558012954
0835558012636
0835558012105
0835558011389
0835558010528
0835558010439
0835558010277
0835558010251
0835558010234
0835558009937
0835558008914
0835558007446
0835558006890
0835558006130
0835558005940
0835558005435
0835558005371
0835558005010
0835558004137
0835558003904
0835558003700
0835558003190
0835558002606
0835558002240
0835558002118
0835558001995
0835558001898
0835558001529
0835558001294
0835558000964
0835558000727
0835557017006
0835557015810
0835557013663
0835557012811
0835557012543
0835557012241
0835557011890
0835557011709
0835557011270
0835557011237
0835557011105
0835557010150
0835557010028
0835557010010
0835557009950
0835557009925
0835557009445
0835557008759
0835557008538
0835557007833
0835557007761
0835557007647
0835557007531
0835557007124
0835557007078
0835557006853
0835557006764
0835557006578
0835557006471
0835557006179
0835557005890
0835557005610
0835557005563
0835557005202
0835557005059
0835557004893
0835557004885
0835557004656
0835557004567
0835557004532
0835557003749
0835557003331
0835557003196
0835557002441
0835557002394
0835556014879
0835556014429
0835556013694
0835556013643
0835556013244
0835556012400
0835556011845
0835556011489
0835556010881
0835556010423
0835556010211
0835556009646
0835556008267
0835556008160
0835556008127
0835556008097
0835556007881
0835556007627
0835556006906
0835556006825
0835556006736
0835556005942
0835556004474
0835556004342
0835556004261
0835556003842
0835556003184
0835556002293
0835556001441
0835556001386
0835556000291
0835555014174
0835555012775
0835555012660
0835555012350
0835555012287
0835555011540
0835555010730
0835555010136
0835555009723
0835555009634
0835555008581
0835555007526
0835555006325
0835555006198
0835555005868
0835555005655
0835555005469
0835555005043
0835555003491
0835555003407
0835555003300
0835555003041
0835555003024
0835555002613
0835555002605
0835555002133
0835555000980
0835555000297
0835554013689
0835554009924
0835554008316
0835554008260
0835554008073
0835554007069
0835554006526
0835554006321
0835554005341
0835554005155
0835554004655
0835554004221
0835554004159
0835554002300
0835554001290
0835554000323
0835554000072
0835553011283
0835553008088
0835553006808
0835553006298
0835553005861
0835553005429
0835553004601
0835553004198
0835553003833
0835553003728
0835553002845
0835553002683
0835553001776
0835553001369
0835553000028
0835552009285
0835552007002
0835552005697
0835552005247
0835552004984
0835552004747
0835552004445
0835552004160
0835552003279
0835552003082
0835552002086
0835552000253
0835551012517
0835551012185
0835551011987
0835551011481
0835551011146
0835551010522
0835551010077
0835551009915
0835551009729
0835551009206
0835551008960
0835551008501
0835551007637
0835551006878
0835551005553
0835551004590
0835551003542
0835551002155
0835551000861
0835551000161
0835550009784
0835550009580
0835550009440
0835550008982
0835550008800
0835550008605
0835550008150
0835550007587
0835550007170
0835550006955
0835550006181
0835550006068
0835550005916
0835550005258
0835550004847
0835550004618
0835550004545
0835550004227
0835550003743
0835550003549
0835550003221
0835550002909
0835550002640
0835550002445
0835549016128
0835549012726
0835549010723
0835549010464
0835549005703
0835549003018
0835549000931
0835549000469
0835548012846
0835548012722
0835548011602
0835548011301
0835548009926
0835548009756
0835548008202
0835548008130
0835548004771
0835548004690
0835548004282
0835548003782
0835548002557
0835548001402
0835547011081
0835547010726
0835547010203
0835547009108
0835547008951
0835547008225
0835547007245
0835547007237
0835547006877
0835547005633
0835547004246
0835547003975
0835547003703
0835546008035
0835546005788
0835546005460
0835546005371
0835546003173
0835546003165
0835546002703
0835546001308
0835546000603
0835545005555
0835545005296
0835545004583
0835545004141
0835545004044
0835545003714
0835545003668
0835545003331
0835545001550
0835545000618
0835544005055
0835544004393
0835544003133
0835544002528
0835544001581
0835544001181
0835544001084
0835544000592
0835544000452
0835543003385
0835543001820
0835543001111
0835543001072
0835542004698
0835542004612
0835542004591
0835542004256
0835542003284
0835542002571
0835542001419
0835542000927
0835542000480
0835542000412
0835542000196
0835541002764
0835541002403
0835541001539
0835541000869
0835540002191
0835539002906
0835539000725
0835539000261
0835538001060
0835536002263
0835535001026
0835535000062
0835534001880
0835534001189
0835534000646
0835533000626
0835532001947
0835532001343
0835532000843
0835530000218
0835529000528
0835529000471
0835529000455
0835528000061
0834565010812
0834564012978
0833566000330
0833566000020
0833564000502
0833562001595
0833561000145
0833561000013
0833560002306
0833560001580
0833560000265
0833560000125
0833556001864
0833555002271
0833555000694
0833554000356
0833552000961
0833552000588
0833550002672
0833550001331
0833550001251
0833549001706
0833549001331
0833548001851
0833546001322
0833543000767
0833542000402
0833539001487
0833538001271
0833537001200
0833537000513
0833536000633
0833533000055
0831540020111
0825566001583
0825565000109
0825564000521
0825562000647
0825560000411
0825560000097
0825559000321
0825559000046
0825558000590
0825558000344
0825557000588
0825557000111
0825557000022
0825555000297
0825553000516
0825552000636
0825552000261
0825551000314
0825548000058
0825546000336
0825546000140
0823560000036
0823559000524
0823558000237
0823557000209
0823547000591
0823546000300
0817114808774
0815564001357
0815564000083
0815563000705
0815562001619
0815562000701
0815561002794
0815561002514
0815561001861
0815561000431
0815560002464
0815560001913
0815560000607
0815560000143
0815559001557
0815559001492
0815559000453
0815558001740
0815558001626
0815558001065
0815558000689
0815558000611
0815558000352
0815558000182
0815558000093
0815558000042
0815557000359
0815557000090
0815557000081
0815556001467
0815556001459
0815555001161
0815554000463
0815552000865
0815552000717
0815551001256
0815550000272
0815550000060
0815549001287
0815549001236
0815548000121
0815547000348
0815546000662
0815546000166
0815546000123
0815545000243
0815543000360
0815543000092
0815541000087
0815539000202
0815535000038
0815534000034
0815532000053
0813565000077
0813564000596
0813561000871
0813561000439
0813560001229
0813560000753
0813560000401
0813559000184
0813556001082
0813556000183
0813552000502
0813550000254
0813549000165
0813535000451
0813525000025
0805565000079
0805564000890
0805563000853
0805563000128
0805562002224
0805562001694
0805562001163
0805561002131
0805561001861
0805561001666
0805560002651
0805560001719
0805560001603
0805560000488
0805560000267
0805559002685
0805559002634
0805559002529
0805559002014
0805559001441
0805558001537
0805558000808
0805558000603
0805558000395
0805558000310
0805556001211
0805556000304
0805555001005
0805555000513
0805554000927
0805554000111
0805552000385
0805550000400
0805549000019
0805547000488
0805545000723
0805545000154
0805540000431
0805540000091
0805539001039
0805539000491
0805539000105
0805536000082
0805521000022
0803564001631
0803563000339
0803561002121
0803559003043
0803559002969
0803559002870
0803559002853
0803559002489
0803559002454
0803559002349
0803559001261
0803558000156
0803557001639
0803557000403
0803557000233
0803556001287
0803555000511
0803554001701
0803553000841
0803553000379
0803553000085
0803552000138
0803548000102
0803547000885
0803546001411
0803545000420
0803542000895
0803540000111
0803536000803
0803536000056
0803535000290
0803533000306
0803532000639
0803513000211
0994002767100
0994002703578
0994002696920
0994002580581
0994002552863
0994002543104
0994002537368
0994002509046
0994002474391
0994002470034
0994002463712
0994002422358
0994002331468
0994002215841
0994002100202
0994002094377
0994002048375
0994002019774
0994002018514
0994001474061
0994001217793
0994001097976
0994001095825
0994001093121
0994001077843
0994001077517
0994001067112
0994001067104
0994001033412
0994001017255
0994001006881
0994000975171
0994000949227
0994000945795
0994000933509
0994000856938
0994000841175
0994000799021
0994000790511
0994000768630
0994000747896
0994000695268
0994000673698
0994000652704
0994000619669
0994000603681
0994000587741
0994000580738
0994000579209
0994000577893
0994000543671
0994000536216
0994000521103
0994000451237
0994000434367
0994000423179
0994000423021
0994000422903
0994000401183
0994000391528
0994000388063
0994000363613
0994000351798
0994000288654
0994000283563
0994000260164
0994000253133
0994000192509
0994000176678
0994000169789
0994000165668
0994000164734
0994000164688
0994000162286
0994000160721
0994000160534
0994000160267
0994000160097
0994000159692
0994000159382
0994000158378
0994000157037
0994000153180
0994000151942
0994000143630
0994000134606
0994000129173
0994000121229
0994000104367
0994000092555
0994000003137
0993003093372
0993000453620
0993000414276
0993000413113
0993000405986
0993000396944
0993000351720
0993000325192
0993000325028
0993000236734
0993000204271
0993000157753
0993000156463
0993000133226
0993000132891
0993000132157
0993000106377
0993000091671
0992004404380
0992004145708
0992003745221
0992003726499
0992003704321
0992003617771
0992003572254
0992003568567
0992003548299
0992003501152
0992003500911
0992003495152
0992003431561
0992003404114
0992003387538
0992003353277
0992003352611
0992003351690
0992003343573
0992003289421
0992003285671
0992003198263
0992003191676
0992003189981
0992003130511
0992003025806
0992002994139
0992002725979
0992002420779
0992002172554
0992001033933
0992000784838
0992000488953
0991011224757
0965566001001
0965562000409
0965562000107
0965561000227
0965560000304
0965559000525
0965556000273
0965540000210
0965535000118
0965535000061
0965532000061
0965526000101
0965526000071
0965524000111
0965518000016
0963559000396
0963558000155
0963556000239
0963550000237
0963549000296
0963520000051
0955563000470
0955559000754
0955559000584
0955559000568
0955559000541
0955553000175
0955544000117
0955544000079
0955539000040
0955538000127
0955534000084
0955528000019
0955523000029
0953567000022
0953554000657
0953551000206
0953550000555
0953545000381
0953544000328
0953543000324
0953538000397
0953538000281
0953534000139
0953527000161
0953527000030
0945562000590
0945561000286
0945560000614
0945558000319
0945558000157
0945557000226
0945552000279
0945550000123
0945550000107
0945547000037
0945543000091
0945539000163
0945538000151
0945533000056
0945527000015
0945522000025
0943561000349
0943560000469
0943560000230
0943559000329
0943546000082
0943535000094
0943526000168
0943515000048
0935566000730
0935563000381
0935562000344
0935562000123
0935560000525
0935559000282
0935557000072
0935544000036
0935534000025
0933570000268
0933562000130
0933561000209
0933561000161
0933560000531
0933559000817
0933559000698
0933557000551
0933554000762
0933553000645
0933553000165
0933550000288
0933537000750
0933535000272
0925564000732
0925564000562
0925564000325
0925562001138
0925562000719
0925561000341
0925560001271
0925560000533
0925560000188
0925560000118
0925559001530
0925559001467
0925559001106
0925559000487
0925558000220
0925557000650
0925557000609
0925556000044
0925553000558
0925553000299
0925551000241
0925551000101
0925547000401
0925547000312
0925545000269
0925544000087
0925543000059
0925538000046
0925533000129
0923563000869
0923563000460
0923560000345
0923560000167
0923559000060
0923556000727
0923555000251
0923538000401
0923537000822
0923535000574
0923526000346
0915566000420
0915564000546
0915563000461
0915562000514
0915562000387
0915562000166
0915562000085
0915560000533
0915560000428
0915560000371
0915560000339
0915560000045
0915558000271
0915555000156
0915551000097
0915549000034
0915546000157
0915544000052
0915527000023
0913560000124
0913557000127
0913554000088
0913546000091
0913536000101
0913535000167
0913532000051
0905567008882
0905567005506
0905567001632
0905566007041
0905566006771
0905566003801
0905566003160
0905565006165
0905565006114
0905564003987
0905564001143
0905564000503
0905564000414
0905563004751
0905563004670
0905563002995
0905563002219
0905563001506
0905563001476
0905563001336
0905563001310
0905563000801
0905563000593
0905563000488
0905563000216
0905562006521
0905562006059
0905562005877
0905562005834
0905562005541
0905562002754
0905562001227
0905562000280
0905561006217
0905561005601
0905561005482
0905561005415
0905561004036
0905561003943
0905561003391
0905561003234
0905561002742
0905561002513
0905561002432
0905561001703
0905561001231
0905561001177
0905561000146
0905560007333
0905560007317
0905560006817
0905560004377
0905560004105
0905560003389
0905560002102
0905560001475
0905560001173
0905560000533
0905560000215
0905559006248
0905559006191
0905559006183
0905559005292
0905559005284
0905559004351
0905558005086
0905558004811
0905558002737
0905558002320
0905558002036
0905558001111
0905558000441
0905557004191
0905557003942
0905557003900
0905557003233
0905557002822
0905557002211
0905557001257
0905557001117
0905557000552
0905556004619
0905556004384
0905556003183
0905556002683
0905556002195
0905556000583
0905555004658
0905555004496
0905555003945
0905555003210
0905555003201
0905555002141
0905554002678
0905554000756
0905554000233
0905553003107
0905553002496
0905553001651
0905551002243
0905551002154
0905551001361
0905551000135
0905550002185
0905550001758
0905550000891
0905550000581
0905549002461
0905549002339
0905548002106
0905547000932
0905547000789
0905547000169
0905545000307
0905543001977
0905543001535
0905543001128
0905543001012
0905540002557
0905539003014
0905539002760
0905538002251
0905538002138
0905538001786
0905538000208
0905537002126
0905537001626
0905536000502
0905534000459
0905534000416
0905534000360
0905532001148
0905532000095
0905529000462
0905529000128
0905527000384
0903565000289
0903564003080
0903564001052
0903563003132
0903562000831
0903562000571
0903561003046
0903561002481
0903560004367
0903560002801
0903560002241
0903560001074
0903560000973
0903560000817
0903560000795
0903560000671
0903560000175
0903559003204
0903559002089
0903559000973
0903559000302
0903558001798
0903555002751
0903555000715
0903552002881
0903552002547
0903550003082
0903550002281
0903549002477
0903548003534
0903548000764
0903543002564
0903539003942
0903539003420
0903539003373
0903537001560
0903536002082
0903536000195
0903535002259
0903531000499
0903529000321
0903526000800
0903517000274
0901550510268
